42 (42   )
32 (32   )
107 107
0 (75 /(90   ))
148 (((113   +35)))
0 (85)/(101  )
92 ((92  ))
112 112   
74 74   
64 (64 )
84 (84   )
10 ((((10  ))))
6175 (65   *(95  ))
4536 72  *(63)
25 ((((25 ))))
21 21 
86 86
27 27 
269 108 *(57)/16-(115)
16 16  
5 5
60 (47)+(((13  )))
32 32 
27 111 /(((34 )-30 ))
20 (20 )
39 ((((39))))
103 103
113 ((113   ))
36 36 
12 12 
5 5
71 71  
110 110
37 37  
117 117  
80 80  
50 50   
0 ((((27  )-61   )))/74   
105 ((105   ))
4294967260 0  -36 
85 (85  )
71 (18 +(53 ))
38 38  
53 53   
7102 67   *106   
100 100   
65 65
4294966768 44 *(27/117-12 )
31 31   
3 3  
67 67  
4294967288 9-17
7938 98 *81  
64 64
1 ((85   )/83   )
41 41
25 (25)
61 61   
2783 121*23 
297 (((11   *27  )))
90 (90 )
12 (((70*22  /123  )))
4294967286 ((79 ))-(89   )
124 ((124))
117 117   
15 15   
69 ((((73   +43 ))))-47  
117 117   
5411 (92   )*58  +75  
133 84   +(49 )
109 109
30 96  -74   /109   -(66  )
17 54 +((((91))))/(3)-67  
4294966091 5   -66 -75/(43)*(13  )*88 
28 28  
107 (31   +76   )
75 75
65 (((65)))
32 ((32   ))
8280 72 *115
57 57   
71 (((71)))
20 (126   -(106   ))
50 (50   )
10 10   
11 11
54 54   
112 112   
52 52  
1716 (66   *(26))
7 84 /11 
114 114 
30 100-70  
102 (83   -31 +((50  )))
0 (((0 )+35 /50/((124 ))))
9 (9)
1 (1 )
4294967291 (((1   )*(89-94  )))
100 100  
89 89   
184 65/27   *92 -13   /(99)
0 ((30   /((77  ))))
72 72  
47 (47   )
3626 101   +47  *(75  )
13 (13   )
74 74 
84 (84)
131 73 +((92   -34))
122 122  
104 104 
109 109
525 (105)*5   
18 (56 )-((38))
37 (118 )*38/120   
46 46  
30 30  
96 96  
0 92 -92
37 ((37   ))
43 43 
96 96
38 38 
262 ((91)+54+117   )
22 22 
68 (68 )
53 (53   )
64 64
65 (65)
14 14 *69  /65  
87 87   
161 ((111-50 +(100   )))
114 114
9282 (119  *(78 ))
4294967246 68 -118 
84 (84   )
96 16*6
56 56
36 ((110   )/3  )
4294967283 124 -(((123 ))-10 )-24  
649 (17  )+(34 )/(4   )*79  
108 108 
142 ((((105   ))+37 ))
172 102+(93   )/121+70 
121 121  
25 25 
61 61   
1120 32  *35
47 47  
80 80 
109 (99 +10 )
4294967205 65 /((((3-89))))-91
93 ((115 )/83  +(92))
17 (((17  )))
1 ((31   ))/28
4294967184 49   -76  /13+19-83  -92
120 120
56 112 *(61)/((120))
16 16   
4 4  
61 61  
64 (64   )
40 ((40   ))
97 97
6120 90   *68  
4294967230 58-124  
16 16  
46 (46  )
52 52  
1 93 /77  
4294967293 (117   +1  -(121   ))
95 (95   )
7 7   
95 (95   )
105 105   
96 ((96  ))
168 (80   +(88   ))
119 119  
51 ((((51 ))))
4294967262 ((((117-101   )-50 )))
54 54
37 37  
4294967295 118  -((119 ))
49 49   
4294967265 (95 )-(126)
375624 (37  )*(51+(57  ))*(94   )
86 86   
62 (62  )
107 107  
0 10 /57   
1 106  /88  
69 69  
75 (24 )+51  
57024 (11)*(48  *108 )
113 (((113  )))
112 (112 )
91 91  
99 99   
4294967273 26  -(((100   )-51))-43 /(104)
24 24  
6 109 /((13  *(106   )/85  ))
4294967264 ((5   -37   ))
35 35   
10 10
64 ((64  ))
103 103  
69 69   
60 60   
37 ((79 ))-(42  )
104 104 
93 (93 )
0 (72 )/((((((109)))))/6  )/31  
2553 ((23  ))*111   
71 71   
7 ((7 ))
7 7
61 (61)
77 77   
55 ((55))
81 (81)
41 (41)
13456 116*116   
33 (33 )
24 24  
75 (75  )
4294967266 (((((126  /16 -117 ))))+80  )
29 ((29 ))
37 (((((37 )))))
115 115  
43 43  +(((96   /24   ))/22)
47 47 
28 28   
32 (32  )
66 66
91 91   
112 112  
81 (57  +24  )
4619 77 *59   -39  +(115   )
65 65
17 17 
734 (22  *(((39 )))-68  -56)
60 60  
108 109  -100/68   
22 (22 )
66 66 
79 79  
9 9  
4294967271 (((38  ))-63 )
94 73 +21 -(11  )/22   
27 ((27 ))
76 76
71 71   
28 (28)
30 30 
4294967252 41-85 
38 (38)
6 6 
61 61 
7 7
105 ((105))
110 2 +108 
104 (104)
54 54   
114 (38+76)
77 77 
92 92   
2 (((57   )))-55 
137 101   +(54  )-18  
95 95
29 29 
27 ((111 )-84 )
2 2
83 (83)
104 104 
3 3  
27 (27  )
585 117*((5))
103 103  
51 ((((((55   ))-4 ))))
105 ((105))
69 69  
116 (5)+(33 )/68+((111  ))
37 (37 )
1197 (19*63 )
68 (68  )
116 116
113 (113)
109 109  
57 57   
234 ((((((94+86  +(73 )))))-19  ))
4 (4 )
39 39
84 84 
55 (35 +21 -(((125)))/121  )
102 102
124 124   
0 (71*((0))*(45  ))
17 17 
86 86  
18 (((((18)))))
66 66 
103 (103 )
75 (102  )-27   
22 22
110 110   
75 75 
73 73
122 122 
10 10   
24 24 
51 51   
23 23
27 27  
12 (37)-(25   )
115 115  
58 58 
16 ((16 ))
77 77 
9 (9)
87 ((((87  ))))
104 (((100 )))+(4)
108 ((108))
88 (88   )
69 ((101 -32   ))
56 96   /47   *(28)
63 (63  )
16 16 
172 58+(114   )
45 45
21 21
298 (85  +(((20))))*54/19 
27 ((27  ))
14 14   
81 81   
86 51  +120   -85
10 10
53 53 
56 56 
21 21  
2500 60   *42  -20 
53 (53)
7548 (68  *111)
4 (((4)))
86 ((((86))))
5005 (91   )*55   
107 (107)
157 61+(32   *((79 )))/106+73   
38 (38)
85 85  
157 (98 +59  )
1860 (62  )*30
2 (2   )
97 97 
24 ((24  ))
82 82
143 31+112   
171 (99)+72  
74 74 
25 (25)
122 122   
125 125
107 (107)
39 39   
92 (92 )
25 25   
78 ((78 ))
84 84   
98 98 
73 73 
2 2   
39 77-38 
228 106   +122   
39 39  
100 100 
120 120
63 63 
13 13  
83 83  
6 6 
104 22  +(82)
119 119   
188 (110+(78  ))
88 88
44 (44)
68 68  
1785 (85  *21)
119 119 
7275 75 *97  
4004 (110 -(19 ))*((44   ))
18 (18 )
107 27+80  
69 69 
69 ((69 ))
83 (40+43 )
122 122  
96 96  
29 ((29 ))
86 86
90 ((90 ))
21 21   
104 ((104  ))
65 (65 )
39 39   
85 ((85 ))
87 87  
115 ((115 ))
64 64  
132 62 +70 
53 (53)
3876 76   *51 
128 ((92 )*(81 ))/58 
68 68 
4294967245 (26  -(77 )-31 /((34 )))
56 56
107 107 
72 (72   )
4 4  
117 117 
108 108
61 61 
109 109 
5202 102  *(((51   )))
8 59 -51
70 (((25 ))+(32 +13  ))
88 88 
13 13 
84 84
118 118
20 20   
125 125 
0 ((11  )/(((96  ))))
110 (((110   )))
65 (((65 )))
184 (((113  *119 )/(73 )))
76 76   
153 76  +(28 )/20  +((76  ))
9120 96   *95 
5 5   
124 (124   )
126 (126 )
63 63   
32 32  
8 8   
7 ((7   ))
23 23 
110 110  
21 21
10 (10)
6 6
69 69 
111 (40)/(5  )+(103 )
69 69  
163 67  +96   
100 100 
62 (62   )
111 (111   )
111 (52  )+(59   )
123 123
62 25  +37  
74 74
121 (105-50 )+(66 )
10 10  
83 83
165 ((94   )+71)
97 ((97))
80 80  
55 55   
50996 ((((22*((61  ))*38   ))))
17 17  
2 2
58 ((58 ))
59 59
11 11   
119 119   
66 ((66))
78 (78  )
117 6   /102*(2 )+117  
92 92
410 10*41
36 (36   )
99 (99  )
3 93/(24)
21 (21   )
94 (((67 *69 ))/49  )
72 (72  )
3538 61*58   
26 26  
117 117
515 103  *5 
6 6  
60 60 
97 97   
67 67  
38 38 
40 (40  )
92 92 
6 (((6   )))
47 (47 )
41 41   
64 64
28 (28 )
65 65
32 32 
31 31
8 8 
75 75
7 57   -50   
1260 ((101 /101+17   ))*(((70 )))
2808 (104)*27   
9 (9)
80 (124  )/(126)+80
79 79   
99 99
51 (51)
38 38 
10 10   
4294967246 48 -98  
76 76   
0 (34   +8 )/107   
148 ((70 ))+(78  )-64/73  *(9 )
3 3   
107 1  -((85 ))/27  +109
32 (32   )
61 ((61 ))
13 13
867 (((17 ))*51   )
57 (57   )
35 (((35  )))
6 6 
45 (45)
50 50
0 (40 )/98  
77 (77 )
87 87
112 ((112   ))
10 (10   )
48 ((34+40   ))-((26))
37485 35*(45  *23  +36  )
34 34 
80 80  
127 (74  )+53
12 12 
1 115 /98
11 11 
49 49 
5 5
75 ((75 ))
0 (0   )
66 66 
32 32   
0 53   /((56 ))
27 27
11 11
76 (76)
55 55 
64 (((64  )))
76 76  
488988 51   *51  *(82   +106)
391 17*(23   )
1 104  /(71 )
85 85
20 20   
10 (98  -((88   )))
24 24  
73 (73   )
41 41   
119 119
7 7   
33 33  
1 (79/((79)))
24 24   
31 31   
58 58   
90 90
90 (90 )
51 (((((119 )/78*(51  )))))
48 (48   )
0 (((13 ))*((0  )*(21)))
91 91
20 (20   )
6 6
13 13  
11583 117 *(99  )
25 25  
8 (8 )
80 (80   )
57 (57)
30 (39)-(9   )
146 ((((((76)))))+70)
95 95   
111 111
32 32
94 (94  )
28 28 
0 120  *((3/(41 -5   )))
15 (15   )
52 (52   )
0 46   /(71)
125 125   
14 (14   )
65 15+50  
43 ((((41  +2))))
126208 (68)*32   *58 
5 (((25)+(39   ))-(59  ))
106 (106   )
41 41  
109 109  
86 (86)
87 (87   )
22 22   
0 0 
1354 20  +58 *23 
88 88 
103 ((((103 ))))
39 39 
1 1   
104 104
124 124   
1106 48 *(22 )/99  *114  -34 
1360 85*16   
112 112  
10 10
29 29 
2 (((2  )))
75 75 
81 81  
4 4  
8 8  
1 1
43 ((43 ))
95 (95 )
89 (89 )
85 (85   )
115 115 
40 40 
2 100 /((43  ))
90 90   
185 (117 )+(31  *120)/((54))
0 (5  )/((((((83   ))))/5))
22 (22  )
270 ((3)*(90   ))
73 ((73))
12 12   
1519 (((((31   ))*49   )))
112 112  
21 21 
0 29 /45 
63 63
13 50  -37   
32 32 
73 73 
2 2  
87 ((87 ))
109 109  
644 ((89  +15 *(37)))
1 81   /57 
64 64  
120 120   
64 (64   )
26 (26)
94 (94   )
104 104
65 65   
56 56   
46 46   
20 20 
49 ((((48))*0 +49))
86 86 
57 57   
44 44 
48 (84/(((28 )))+(((69 )))-24  )
36 36  
18 18 
39 39
52 (52  )
38 122   /((115 ))*38
54 (54  )
104 104  
122 122   
110 110  
30 30 
28 28 
75 75
1075032 (126   *(79  ))*((108))
0 20   /(38  )
84 4  *((21 -18 /108   ))
62 62  
92 92  
89 89  
840 ((7 *120 ))
45 (45  )
123 (123  )
22 ((((26   ))))-(4 )
70 117   +(42 )/53  *(7 )-47
1 (((8 ))+117)/((93))
107 107
84 84  
46 46
64 90-26
115 115   
122 ((122   ))
8 8  
36 (36)
38 38 
17 17  
52 95 -43   
1323 71+126 *46 -71*(64)
217 114   +103  
122 122   
39 39
259 (5   *49+14   )
16 ((69 -(53)))
124 124   
4 (4 )
77 77
127 (124  +2 +99/87  )
3724 76  *49 
55 55  
85 85   
74 74 *1
39 39
115 115  
77 (77 )
85 ((85   ))
15 76   +((54))+80/(125  )-115   
82 (119  )-37 
22 ((119 /62  ))+21
108 (108  )
82 82
43 43
54 ((70   ))-16  
80 ((44   +36))
25 25 
103 103 
27 (27  )
118 118  
18 (18)
1 1
97 ((97   ))
0 (54   /39   /((120 ))*((18 )))
61 (61   )
864 ((40   +(77 )-9 ))*8
67 67  
69 (((69  )))
53 ((53  ))
113 113
123 123 
65 65   
51 ((51   ))
59 59   
32 32  
1 ((4 +66  )/69 )
1786 (38  *47)
94 94 
107 107 
0 ((76)/83)
30 30   
20 (20  )
22 22  
103 103
30 (30   )
43 (103 /21-32+71 )
75 75
83 83 
8 8  
70 70   
26 26
41 (41 )
49 51   -((110 /(47  )))
115 ((115  ))
79 79 
94 (94 )
77 77
113 113  
93 (93)
2704 (114 *((24 ))-32   )
122 ((24-((87)-(122  )))+63  )
39 (((73  )-33-115 /(87)))
26 26   
25 ((25 ))
70 70  
43 (43)
1 ((99  ))/58  
41 41   
71 71 
281960 (111 *77  *33   )-(91 )
29 29  
60 60 
46 46   
123 123 
53 53
89 89 
85 85 
37 ((37))
34 34
121 (121 )
57 57  
122 (122)
54 54
74 74
1522224 (124   *(124  )*99)
0 ((78 )/(82))
30 113-((83))
82 (82)
93 93
112 112  
52 52   
84 (84  )
34 34   
61 (61)
45 45   
7921 89*(89 )
63 63
4 79/16
965 ((63)*16  -49 /122  )-43 
1008 (((102)-(14   -80   )))*6
89 89 
56 56
111 111   
11 11
32 32 
68 (68 )
17 (3   )+14
117 117 
68 (68  )
17 17 
19 19
39 39  
17 17
63 63
11 (11)
6 ((6 ))
89 89
112 112   +(47   )/74  /(24  )
75 75   
63 ((63   ))
16 16   
4294967150 64   -109 -((63   ))-((38 ))
218 52  +58  +12 *((9 ))
34 34
35 (35   )
97 (97 )
32 15 +(17  )
73 73 
62 62 
30 30
56 56  
96 96  
0 35/(40)
115 (115  )
0 ((((7  )/46  ))/16   )
53 53  
151 53   +69 /42*((98))-4/46  
218 (((87   -4 /110 +52  )+79))
73 73   
48 48 
31 31  
14 14 
99 (99  )
103 103
19 19
113 113  
123 123  
116 (116  )
208 (118)+90
86 86   
50 50 
27 27 
149 58   +91
43 ((43  ))
110 ((110  ))
0 ((53))/126   
93 ((93 ))
0 0   
41 (41)
32 32   
119 119
114 114
0 45 /62
4 ((4  ))
67 (((67  )))
121 121
80 80  
1 1 
121 121  
0 (104*75/90  )/106   
0 41 /70  
26 (((26 )))
58 (58   )
17 (17   )
8294 113  +101  *81  
41 41 
140 18 +77 +45  
82 82
68 (68   )
67 (((67 )))
1 90  /60 
6 (6)
7884 (108 )*73   
109 109 
99 (99   )
3 61 /(20   )
99 99  
4410 (45  *(98))
46 46
4315 (((41   *103  +(71   )))+21  )
3 ((3))-(((105  )))/123  
1 (101   )/61   
23 23
16 (16  )
20 20  
62 62  
100 100  
27 (27  )
1 1
0 59   /102  *8*92 
0 81 /96   
93 (93  )
90 90   
51 51 
8 (72/9 )
23 23
18 18   
113 113 
110 (110   )
32 32 
60 (60)
100 100  
124 (124 )
197 100  +((97 ))
4165 49*85 
29 ((29  ))
25 ((25  ))
4 4 
44 124-80  
13 (13   )
107 107  
43 43 
9 (122-8   -105   )
3 (79  /24)
40 ((40))
88 (88  )
17 (35)-18   
34 34
32 32  
72 72   
50 50
42 42   
1680 (44  *16  )+(122)*8  
5 (5 )
121 (121)
35 (((35 )))
124 124   
115 ((((96  )+19)))
97 97  
97 (97   )
68 (68)
4 ((4  ))
40 40  
128 ((103  +((25   ))))
65 65   
29 9 +17   +65   /19
32 94 -62 
39 39   
71 (71  )
8 104   /12
50 (47+(93   /(12  )-((4   ))))
105 (105   )
5875 80  -76  +(103*57 )
3960 (60 *((66  )))
116 ((((116  ))))
100 100   
117 (((77 )+((40  ))))
105 105
107 107  
81 (81   )
1478 ((38   )+12  *120   )
0 ((55  /(((29+66  )))))
26 26 
4294967040 1-110  -(49  +98  )
63 ((63   ))
6 (6  )
33 33
67 67 
55 ((45+10 ))
89 89  
81 81   
4294967264 (15   )+(77)-124   
28 (28 )
93 93
4 4 
50 (50 )
115 ((115  ))
152 (2 *76)
3 9   -(125  /(20  ))
3 ((122)/38  )
48 (48)
89 89
112 (112)
3 ((25)/8 )
119 119  
2 (2  )
123 123
123 123
1248 39  *(((32  )))
6829 ((99  ))-(59   )+93   *(73  )
80 82  -2   
43 43   
78 78 
1333 ((31   ))*(43   )
98 (49   )-(22  -(71 ))
122 122 
99 99
50 45  *76 /(((73  )))+4 
74 74 
13 (13)
105 105 
48 48  
57 57   
146 ((108   ))+38  
19 19  
0 60   /(((117   )))
32 (32  )
76 (((76 )))
16 16
90 ((90 ))
72 (72)
46 46 
99 99  
113 113 
37 37  
42 42  
9 (9)
5 (5)
2 (122 /54  )
1 106  /72 
105 105  
10 10  
61 (73   +((64 )-(76)))
115 (115   )
31 31  
15 15
53 53
51 (51  )
58 58
86 86  
364 14*26   
115 115
87 (((87 )))
101 101  
120 120   
2976 ((96  ))*(31  )
59 59 
61 61 
141 (((68)))+73  
39 ((39   ))
3695 (((4 ))/(28 )+66*(56))-(1   )
93 (93 )
35 ((((35 ))))
3 3 
118272 (22 )*112  *(48 )
40 40
57 (57 )
19 (19  )
143 (116   )+(27 )
5 (5  )
81 ((81 ))
90 (90 )
1103 (49  *(21)-(15))+89
109 109  
161 (36)+125 
119 119   
86 86
114 114   
6 (6 )
115 115
85 85   
4294967185 ((45/(116   ))-111 )
122 122  
37 37   
30 30   
75 ((((75   ))))
0 106  /((110 ))*(54  *24 )
0 ((0 ))
56 80 -24+((33))/71
6 6 
31 31  
0 (34   )/46  *(46   )
18 18   
44 44  
85 85  
25 25   
13 13
2 2 /(((104 )/92  ))
40 40   
60 (60   )
29 29   
37 37   
36 (36 )
40 40   
95 95
182 ((103 ))+(((79   )))
102 102   
91 91   
121 (75+46)
166 ((115)+((93))-42  )
117 (117   )
65 65  
0 ((((54   /(37))/111)))
0 71 /91 /64 *(40  )
98 22  +76 
86 (86)
87 87   
32 32
50 (50  )
11 11
106 106   
204 ((124))+((64/(41   )))*80 
0 ((43 ))/125/77
31 31   
52 52 
0 (0   )
103 (103  )
11 11 
455000 (125)*8 *5*(91  )
63 63
65 65  
11 11
16 15 +(124   )/81 
40 ((40  ))
6 6   
26 26
74 74  
64 108+(125  /(110   )-45  )
102 (102)
8505 105 *81  
125 125
74 74
1 77   /48
13653 (111 *(123 ))
15 (15  )
109 (109 )
132 (114 )+(18  )
17 17  
94 94
12 12  
77 77  
11 11
125 125 
126 126   
46 (93   -47  )
24 24  
19 19   
1 117 /61   
59 59 
120 120  
113 113   
166 80 +86   
65 65
53 53   
31 31 
6 6   
66 66
104 104  
1846 71   *26  
71 (71)
40 (40   )
91 91  
101 (101)
85 85   
115 (115   )
91 91   
26 (26)
63 (63  )
29 (29)
3 3  
77 77   
147 105 +9+33
2 (2   )
20 (20 )
97 97  
60 60
55 55
174 (87 )*(2   )
92 (92)
101 (101  )
52 (52  )
125 125 
99 99   
14 14  
88 (88  )
6990 (46  +62*112  )
91 (91 )
0 ((116   ))/38  /(5  )-(26)/41 
183 (67+31   +85  )
16 (16  )
120 120
16 16   
87 87   
114 114   
76 ((76   ))
98 98  
35 35 
4476 (125 *(36)+33)-(57 )
65 65 
58 (58)
89 (18 /(50)+20+69 )
126 126 
2 2  
76 (100   )/24 +72   
38 38  
83 (83 )
58 58 
23 23   
55 55   
55 (55   )
29 ((29 ))
92 92 
9 9 
53 53 
0 (1 /((58   )*(89  *(61  ))))
0 28 /65   *70 *42  
38 38
118 ((118  ))
72 72  
86 86
32 32  
2 2   
0 (((0)/(41 -42-63))*49)
5 5 
52 52  
1 100/96  
0 (0 )
54 ((54 /(((1 +14))/12  )))
16 (16  )
45 (45  )
126 (126   )/(97  )/104  +126   
124 124  
149 ((47))+102   
37 (37   )
15 15
69 69 
100 (100)
4 4   
78 78
3416 28*(122)
107 ((107))
40 40
114 (114   )
39 (102-(63 ))
86 86   
11 11
116 116
15498 123   *(126)
2 2   
83 83  
79 79
55 55 
229 (27+109 +(80 +13 ))
1344 14   *96  
150 (24 +126)
94 (94  )
107 107 
52 52  
112 112   
16 117 /7  
77 77 
4059 41 *99
5073 ((57*89))
21 21
73 (73   )
105 105   
113 113
0 (1 )/29 *((96 ))
90 ((90  ))
38 38   
102 (41-1  )+((62))
88366 (((17))*(((((46 )))))*(113))
107 107  
110 110
147 ((29  ))+(118 )
74 (74   )
98 98  
7976 91   +83*95
5858 58*101   
109 109  
83 83 
4294967098 ((14   -4   *53))
64 64 
15 15
58 58  
0 (45   )/48
80 (80   )
77 (77 )
4321 (37 )+14  *(102 *3  )
119 119  
10 10   
1560 ((13  )*120   )
29 29
125 (((75)/84   +(125)))
124 (124)
2 2  
93 93  
118 (29)+((89   ))
91 91   
59 (59  )
100 (100 )
105 105   
3 3
0 2/((14 ))
4 (0 +(((76  /58   +60   /18))))
121 121   
110 (110   )
116 116  
76 76
65 65  
6969 (69   )*101 
548796 87 *((106  -30  ))*(83 )
113 113 
55 55
78 78
34 ((34   ))
65 65 
0 (9  /(27   )/102  )
0 6 /(119 )
7 7   
99 (((99)))
102 ((27  ))+(30 )+45   
45 45
67 67 
22 ((22  ))
60 60 
40 40 
29 29 
28 28  
38 (38  )
98 98
6111 (((65  ))*(94)+(1))
81 (81  )
122 ((122 ))
57 57 
64 64   
106 (106)
172 (121 -63 +114 )
10370 (53 )/3  *122 *5
13 13   
4551 37*123  
5 5  
67 (67 )
11 11  
114 (114)
52 52 
56 88  -32   
91 91
102 ((102  ))
46 46
75 75 
42 42 
36 ((36))
58 58   
15 15 
101 101  
8888 (82  )*107 +114 
84 (48+36  )
109 109 
65 ((103 ))-(((38   )))
3 (3   )
47 ((47  ))
18 18  
36 (36   )
123 123  
5076 54 *94  
80 (80   )
123 (76 )+(47   )
12 12 
6 97  /16  
119 (119 )
91 91   
1 ((48  )/32 )
90 (90)
119 (119 )
63 66   +1   -(48  +52   )/23  
106 106  
35 (35   )
50 (50 )
83 83
34 34 
51 115 -(64 )
126 ((126))
52 52
41 41   
2380 70   *34
0 39/68 
85 85 
107 107
113 (113)
29 29  
93 93
39 106   -116  +(49  )
104 (104 )
56 56 
52 52   
8330 (98)*(85  )
81 81  
33 33 +46/(((90 )))
7 7 
88 ((88 ))
78 78
110 111-60/((38))
28 (28   )
103 103
58 58  
48 (48   )
106 (((106  )))
87 (((87)))
62 (62  )
51 ((51  )-((56))/85  )
116 ((95   ))/108 +((116 ))
320 4  *80 
38 ((38 ))
105 106-((99  ))/(59)
63 63  
85 85
93 93 
23 23   
30 30
98 (98  )
12 ((12 ))
9 (9  )
89 (89)
52 (52   )
1 1 
2 (34/106  )/58 +((95  ))/46   
105 95 +24  -((14   ))
84 84 
0 0   /(76  )
63 (((((63  )))))
101 ((101 ))
26 26
108 108   
9 9   
1 ((((58   ))))/(55   )
16 (((16 )))
118 118   
118 118
124 124  
87 87 
90 (90   )
23 23
66 ((55  )+(11))
68 68   
92 92   
29 (29 )
109 109  
107 92  *(41 )/35  
76 76   
53 53
8 8
94 94   
6327 (((((90   ))*69 )))+117
107 107
41 41
76 76   
80 80 
101 101 
89 (89)
1 (107 )/(84 )
110 110  
4368 ((44   +((8 ))))*84  
14 14   
500 125   *4
100 100   -((114 )/100 -27)/(36  )
388080 (42  *88   *(105))
84 84 
112 112   
97 97 
115 (115)
84 (97  )-13  
3878 (5   +33*(121  ))-(120)
120 120
9559 (((121  ))*(79))
31 31 
4371 93*47
35 (98-((63 )))
66 66 
92 (92)
40 (40  )
6030 ((73  )*81   )-((2  -119   ))
52 ((52))
456 (114 )*4
41 126  -48+(57 )-73   /28 -92 
4294967240 65 -93-(28   )
276 46   *(6  )
47 (47 )
20 20
101 (101 )
64 64
463 ((97))+3   *122
18 (18  )
71 71 
0 (35   /(72/72  *((113 ))))
104 104 
54 54
115 (((115)))
58 (58  )
88 88 
19 19
126 (126   )
3 (((85)))/25 
58 (58)+58 /(125  )
97 97  
84 84  
12 ((12))
123 123   
48 48
8322 114  *73
55 55   
109 109   
107 107  
22 (22 )
40 (40)
6 6
118 (118   )
0 32/42*((98))
56 (56)
14 14   
1531 (((((((40)))))))*40  -(69  )
67 (108-41 )
68 68  
54 54
97 97 
57 57   
46 (46 )
63 63  
24 (24 )
33 33   
105 105  
0 (50 )/(66)
49 7  +(42   )
0 ((((((82))/(30   *85 )))))
124 (124   +(9/(((23 )))))
62 (62  )
88 88   
30 30
74 3*35-(((31)))
140 125  -36+51
37 ((37 ))
0 59   /110
72 72 
1 111  /85   
1063285 123  *95  *91-50   
81 ((81  ))
79 79 
26 26  
84 (84 )
80 80
38 38
74 74  
30 30  
93 93 
66 ((66   ))
38 38 
65 65
2 2
0 (15  )/71  /76   
16 (((16)))
65 (65 )
631 (125  )/((113   ))+45*14  
45 45  
107 107
50 ((50 ))
5 5   
6324 102 *62
39 39 
100 100  
0 (69  /72)
98 98   
53 53
4350 (50   )*((87   ))
69 (69   )
51 51 
128 ((126 ))+(2)
143 (124   +(19   ))
25 ((25   ))
45 45
86 (86 )
2 (((76   )))/33 
92 92 
95 118   -23 
10 10
26 26
59 59  
101 101   
19 19
54 54   
100 100
79 (79 )
83 83  
61 61 
79 (79   )
39 39
21 21
104 (104 )
62 62  
66 66
44 44  
37 37  
21 ((((21 ))))
12 12  
1881 (33   )*57  
7616 ((((68))*112 ))
6039 (((70  *(85)+(((89   ))))))
0 21/67 
44 (44  )
86 (89 +((77   -80  )))
1 (109 )/(56  )
67 ((67   ))
171 106   +65   
37 37 
91 (91   )
1474 22 *(67 )
89 89   
125 125
63 ((63))
31 ((((63  ))))-(32)
7569 87   *87  
113 113  
29 29
46 46
98 98  
20 ((20 ))
47000 ((((100 ))*(114  /21)))*94   
82 82
98 98
83 83  
12 12   
13 13 
980 (13  )*84-(84  )-28 
106 106   
39 39 
40 (((((40)))))
83 83
4294967281 ((31 ))-(46 )
240720 (((20))*102*(118 ))
0 12   /(50)
18 18   
86 86  
107 (107  )
4294967247 105   /(((27  )))-52 
4745 (73   *(65  ))
116 116 
550 25 *22   
90 (90  )
21 21 
186 ((1  ))+73   +112
89 (89  )
28 (28)
68 68   
51 51  
86 46   +((40  ))
0 42   /74
18 (18)
119 119  
104 (((104 )))
116 116
114 114
93 93   
97 97
50 (50   )
4 8  *55   /((99))
29 29  
74 74 
92 (92  )
55 ((55   ))
3780 42*90  
28080 80  *9  *39  
48 (((48   )))
32 (32   )
63 63 
77 77   
40 (12 +(28   ))
53 53  
28 28
0 (0 )
189 (103  )+86
136 ((69   )/(24   )*68)
98 (2  *(((121))/53 /(2)*49))
117 117
0 (((0   )))
58 (58)
39 (125*((15  ))/(48))
1 (108)/70  
0 15   /43
26 26
94 94  
44 44  
177 (((((89 +88 )))))
33 33 
16 16   
77 77
73 73
84 ((84   ))
0 (((0   )))
1 ((37   /24))
70 70 
114 ((104 )*75  /68  )
68 68 
76 76  
109 109  
188 91+97
79 79
71 (71   )
2368 35  *65+(93   )
97 (97  )
21 (55   +(84  -118))
29 29 
105 (78  -26)+53  
119 119 
5 5  
78 78   
11 11   
108 108 
52 52
55 (((55 )))
2 90/40   
135 58+69  +8   
86 86
79 (79  )
158 (70  )+88   
95 95  
18 18  
9 (9 )
78 78  
8 64/64 *(28 )-20  
17 (17)
25 25
124 124
65 (65  )
98 ((102 ))-((4 ))
4 4 
61 61  
102 102   
0 (((63   )-82  )/75)
23 23
19 19  
23 23   
0 (((31)*64   /110 /103   ))
68 68
20 20   
13 (13   )
127 23  +57+(47   )
109 (38  )+71   
4018 ((48   *48))+(102)*17 -20
113 113   -46  /90
77 77
121 121
16 (16  )
46 46
62 62  
113 (113)
86 86
92 92
43 ((43))
92 92
75 75  
119 119  
6 6  
85 ((85   ))
3 (109)/29  
93 (((93   )))
0 (58  )*13   /120  /78
109 109   
91 ((91  ))
117 117  
100 100  
96 96   
71 71  +(0)
5320 56  *95  
8522 (124   *69 -34)
82 82
100 (13)/26 +100  
2 (89)/(42   )
57 (57   )
56 ((56  ))
4027 68+(35 )*(112   )+(39)
80 80  
0 (42/84)
45 (45  )
100 100  
145 87/101 +73   +33   +39  
81 81
90 90  
77 77   
80 80   
97 (97   )
50 50   
10 ((10  ))
76 76  
26 26   
6431 59  *109 
9785 ((103   )*95 )
41 (41   )
110 110   
76 76 
16 16   
102 102  
1 1
27 27
24 24 
125 (125 )
110 110   
51 51 
950 95   *10   
8670 85   *102
33391 72 /86+(85)*52 +(37  )*(87)*9 
53 53  
11 11   
103 103  
66 24 +78 -36   
17 17  
209 87 +122   
570 57*10   
113 (113   )
273 (94  +((64  )+3 +(112   )))